{
  "rootAssembly": {
    "occurrences": [
      {
        "transform": [
          1.0,
          -2.572043839312545e-16,
          8.232959615306004e-16,
          0.0019999999999997693,
          1.5994428299575587e-16,
          0.9932462791668486,
          0.11602512194008127,
          -0.27946205721106576,
          -8.475778204525087e-16,
          -0.11602512194008127,
          0.9932462791668486,
          -0.34602246308441315,
          0.0,
          0.0,
          0.0,
          1.0
        ],
        "fixed": false,
        "hidden": false,
        "path": [
          "M+ohKBCmX1KNxgsla"
        ]
      },
      {
        "transform": [
          1.0,
          7.58259385007698e-17,
          -1.5205853830906387e-16,
          1.0378766831385872e-16,
          -6.466160320888958e-17,
          0.9973957695729122,
          0.07212266521748172,
          -0.2031072207814128,
          1.5713131188508937e-16,
          -0.07212266521748172,
          0.9973957695729122,
          -0.02203700546259918,
          0.0,
          0.0,
          0.0,
          1.0
        ],
        "fixed": false,
        "hidden": false,
        "path": [
          "M/6wX/buMD1Z5cNrp"
        ]
      },
      {
        "transform": [
          0.9999999999999999,
          2.081654713277935e-17,
          -4.1504411946338963e-16,
          7.238616561209336e-16,
          -9.257235005087744e-17,
          0.984807635218974,
          -0.17364884570437075,
          -0.1072305848138091,
          4.051238927626675e-16,
          0.17364884570437034,
          0.9848076352189736,
          -0.0799540362296084,
          0.0,
          0.0,
          0.0,
          1.0
        ],
        "fixed": false,
        "hidden": false,
        "path": [
          "M/dENzjo+mbUFcug0"
        ]
      },
      {
        "transform": [
          1.0,
          1.4791141972893971e-31,
          0.0,
          -2.7755575615628914e-17,
          1.4174844390690056e-31,
          0.9999999999999998,
          3.469446951953614e-18,
          -0.09921154211151884,
          0.0,
          -3.469446951953614e-18,
          0.9999999999999998,
          0.06000000000000011,
          0.0,
          0.0,
          0.0,
          1.0
        ],
        "fixed": false,
        "hidden": false,
        "path": [
          "M4hv7fIwlw4i2S9MP"
        ]
      },
      {
        "transform": [
          0.9999999999999999,
          2.081654713278093e-17,
          3.779723266974383e-16,
          1.9718503029694577e-16,
          4.5134040449531e-17,
          0.984807635218974,
          -0.17364884570437075,
          0.026481524411746143,
          -3.7584475827073203e-16,
          0.17364884570437034,
          0.9848076352189736,
          -0.3487066524251832,
          0.0,
          0.0,
          0.0,
          1.0
        ],
        "fixed": false,
        "hidden": false,
        "path": [
          "M5US12Ndpp5IWTU3+"
        ]
      },
      {
        "transform": [
          1.0,
          -4.223248181040113e-16,
          -3.009304142410861e-16,
          0.0020000000000006623,
          1.8617621234525307e-16,
          -0.2492342511190364,
          0.9684432291410444,
          -0.8972914871548298,
          -4.839997770233713e-16,
          -0.9684432291410444,
          -0.2492342511190364,
          0.6610608102479183,
          0.0,
          0.0,
          0.0,
          1.0
        ],
        "fixed": false,
        "hidden": false,
        "path": [
          "M8WRg+6di91a6L0Zr"
        ]
      },
      {
        "transform": [
          1.0,
          1.4791141972893971e-31,
          0.0,
          -2.7755575615628914e-17,
          -6.71906740969402e-32,
          0.9996623599162406,
          0.0259839597962419,
          -0.09867498091140603,
          0.0,
          -0.0259839597962419,
          0.9996623599162406,
          0.06129244518813701,
          0.0,
          0.0,
          0.0,
          1.0
        ],
        "fixed": false,
        "hidden": false,
        "path": [
          "MAHyvVshVD6sFWl6E"
        ]
      },
      {
        "transform": [
          1.0,
          1.8057299025561487e-16,
          -8.500332330639582e-16,
          -0.001999999999999009,
          1.1815351345084865e-16,
          -0.9973416598446299,
          -0.07286709503172167,
          -0.06154941965736907,
          -8.609313848282201e-16,
          0.07286709503172167,
          -0.9973416598446299,
          1.2065514430877697,
          0.0,
          0.0,
          0.0,
          1.0
        ],
        "fixed": false,
        "hidden": false,
        "path": [
          "MAePVEsuZ/gncvHym"
        ]
      },
      {
        "transform": [
          1.0,
          -7.261574691803876e-16,
          3.033064601930418e-16,
          0.0020000000000001852,
          3.5971886084553796e-16,
          0.7645828947140482,
          0.6445254045502682,
          -0.6841841126168277,
          -6.999298679105553e-16,
          -0.6445254045502682,
          0.7645828947140482,
          -0.1458161469902427,
          0.0,
          0.0,
          0.0,
          1.0
        ],
        "fixed": false,
        "hidden": false,
        "path": [
          "MBBSCh74ZK9X5xHu7"
        ]
      },
      {
        "transform": [
          0.9999999999999988,
          -2.6035957643830498e-16,
          -7.925247794138393e-16,
          1.5391054288286802e-16,
          -1.9786091813533916e-16,
          0.848907443647069,
          -0.5285415330139149,
          0.08127186515001109,
          8.103931214682967e-16,
          0.5285415330138877,
          0.8489074436470422,
          -0.05457246312300128,
          0.0,
          0.0,
          0.0,
          1.0
        ],
        "fixed": false,
        "hidden": false,
        "path": [
          "MGIURx61DGr3ITakm"
        ]
      },
      {
        "transform": [
          0.9999999999999986,
          -1.575651242557712e-23,
          1.5448786479609168e-25,
          3.469447395110972e-17,
          3.9802961450382535e-28,
          0.9999517460195501,
          -0.009823728032330158,
          -0.07460338611612305,
          3.072803411417849e-28,
          0.009823728032330135,
          0.9999517460195486,
          0.03231358078955582,
          0.0,
          0.0,
          0.0,
          1.0
        ],
        "fixed": false,
        "hidden": false,
        "path": [
          "MIxOm+BV+G8OhB0aW"
        ]
      },
      {
        "transform": [
          1.0,
          -1.0036879674187646e-16,
          7.016942480240787e-17,
          2.7755575615628914e-17,
          1.0036883146211358e-16,
          1.0000000000000124,
          -3.469446951953614e-18,
          -0.10000000000000128,
          -7.016904942741493e-17,
          3.2612801348363973e-16,
          1.0000000000000133,
          0.060000000000003995,
          0.0,
          0.0,
          0.0,
          1.0
        ],
        "fixed": false,
        "hidden": false,
        "path": [
          "MKzwMafVVo/secwHn"
        ]
      },
      {
        "transform": [
          0.9999999999999988,
          -1.0629631495504767e-15,
          6.613139455691055e-17,
          6.172908887670726e-16,
          9.373107007092776e-16,
          0.8489074436470696,
          -0.5285415330139152,
          0.08127186515001093,
          5.056827451130627e-16,
          0.528541533013889,
          0.8489074436470432,
          -0.05457246312300175,
          0.0,
          0.0,
          0.0,
          1.0
        ],
        "fixed": false,
        "hidden": false,
        "path": [
          "MMGM0CZFh2trRWfLU"
        ]
      },
      {
        "transform": [
          1.0,
          0.0,
          0.0,
          0.0,
          0.0,
          1.0,
          0.0,
          0.0,
          0.0,
          0.0,
          1.0,
          0.0,
          0.0,
          0.0,
          0.0,
          1.0
        ],
        "fixed": true,
        "hidden": true,
        "path": [
          "MOk3fDCzUYK1EYrsa"
        ]
      },
      {
        "transform": [
          1.0,
          -1.0904554886074428e-16,
          -3.6511857693239157e-17,
          8.03205313572779e-17,
          8.470420113356406e-17,
          0.9132147428631676,
          -0.4074786293995764,
          0.03481091015972427,
          7.777689752668861e-17,
          0.4074786293995764,
          0.9132147428631676,
          -0.06185511523360067,
          0.0,
          0.0,
          0.0,
          1.0
        ],
        "fixed": false,
        "hidden": false,
        "path": [
          "MQS4dadR//FH53qKi"
        ]
      },
      {
        "transform": [
          1.0,
          1.2942249226282225e-31,
          0.0,
          -2.7755575615628914e-17,
          1.2942249226282225e-31,
          1.0,
          -3.469446951953614e-18,
          -0.09921154211151884,
          0.0,
          3.469446951953614e-18,
          1.0,
          0.06000000000000011,
          0.0,
          0.0,
          0.0,
          1.0
        ],
        "fixed": false,
        "hidden": false,
        "path": [
          "MVtEOx0LxaUFZfGew"
        ]
      },
      {
        "transform": [
          0.9999999999999922,
          3.8453575872962703e-16,
          -7.415357093148541e-16,
          4.2473368398822153e-16,
          -1.9786091813537074e-16,
          0.9727835138245029,
          0.23171585019427146,
          -0.30330543695885864,
          8.103931214681451e-16,
          -0.23171585019427016,
          0.9727835138244981,
          -0.027475094530708177,
          0.0,
          0.0,
          0.0,
          1.0
        ],
        "fixed": false,
        "hidden": false,
        "path": [
          "MansLBvU+Awsd5nAf"
        ]
      },
      {
        "transform": [
          0.9999999999999987,
          -1.5196451149645142e-16,
          2.0361449356577005e-17,
          8.189173648311337e-17,
          3.1450708106485946e-17,
          0.07336399218858498,
          -0.9973052314362917,
          0.4489112073418939,
          1.500588799866376e-16,
          0.9973052314362966,
          0.07336399218855717,
          0.23312021926713639,
          0.0,
          0.0,
          0.0,
          1.0
        ],
        "fixed": false,
        "hidden": false,
        "path": [
          "McG5tCVGgoNEQXwmZ"
        ]
      },
      {
        "transform": [
          0.9999999999999937,
          -1.8662272903385554e-16,
          2.058628935857834e-16,
          -3.846383644186373e-17,
          3.3348731226977935e-17,
          0.9723918205737656,
          0.23335412420019552,
          -0.30567613506251556,
          -1.418883551315453e-16,
          -0.2333541242001938,
          0.972391820573758,
          -0.006677439426137577,
          0.0,
          0.0,
          0.0,
          1.0
        ],
        "fixed": false,
        "hidden": false,
        "path": [
          "MgVceAFy6jVrjdC0g"
        ]
      },
      {
        "transform": [
          1.0,
          -1.9602090283871021e-16,
          7.564283176192881e-16,
          -0.002000000000000244,
          7.91976787777856e-17,
          0.9884647173905599,
          0.15145132047657223,
          -0.31664543419601215,
          -7.773903277775599e-16,
          -0.15145132047657223,
          0.9884647173905599,
          -0.3395608674689689,
          0.0,
          0.0,
          0.0,
          1.0
        ],
        "fixed": false,
        "hidden": false,
        "path": [
          "Mk8arL/LeBOePsamn"
        ]
      },
      {
        "transform": [
          1.0,
          -9.888472864060576e-16,
          3.9553923981058977e-16,
          2.6755967559881284e-16,
          1.0008030134495979e-15,
          0.9995047413909349,
          -0.031468586512727846,
          -0.06985890200386914,
          -3.6422481606729834e-16,
          0.031468586512726784,
          0.9995047413909327,
          0.026275979525249248,
          0.0,
          0.0,
          0.0,
          1.0
        ],
        "fixed": false,
        "hidden": false,
        "path": [
          "MlGiBR09082XP9AcL"
        ]
      },
      {
        "transform": [
          0.999999999999996,
          -8.773783344238715e-16,
          -6.037142610502836e-16,
          -5.585196838722984e-33,
          9.373107007092791e-16,
          0.9941800903502663,
          0.10773090527432763,
          -0.10109795855214215,
          5.056827451131111e-16,
          -0.10773090527432011,
          0.9941800903502647,
          0.06000000000000377,
          0.0,
          0.0,
          0.0,
          1.0
        ],
        "fixed": false,
        "hidden": false,
        "path": [
          "MlsD2H6fwoFtC3zmd"
        ]
      },
      {
        "transform": [
          1.0,
          -1.522433069707303e-31,
          0.0,
          0.0,
          -6.71906740969402e-32,
          1.0,
          -2.7755575615628945e-15,
          -0.10109795855214099,
          0.0,
          2.775557561562885e-15,
          1.0,
          0.06000000000000014,
          0.0,
          0.0,
          0.0,
          1.0
        ],
        "fixed": false,
        "hidden": false,
        "path": [
          "MoHUR5GRZTcuRtlPV"
        ]
      },
      {
        "transform": [
          0.9999999999999999,
          -1.7886715338634944e-21,
          1.506004451733534e-21,
          1.9108825748317282e-17,
          2.4861309466689776e-22,
          0.9948261863663098,
          0.10159162819767062,
          -0.0969210188658818,
          -4.309422427271882e-22,
          -0.10159162819767138,
          0.9948261863663046,
          0.06497610513721326,
          0.0,
          0.0,
          0.0,
          1.0
        ],
        "fixed": false,
        "hidden": false,
        "path": [
          "MrY+f4mFhAKEOJRrs"
        ]
      },
      {
        "transform": [
          1.0,
          1.0631133293017542e-31,
          0.0,
          -5.551115123125783e-17,
          -6.71906740969402e-32,
          0.999983379661636,
          -0.005765448854366139,
          -0.099326020071688,
          0.0,
          0.005765448854366139,
          0.999983379661636,
          0.05971139515051453,
          0.0,
          0.0,
          0.0,
          1.0
        ],
        "fixed": false,
        "hidden": false,
        "path": [
          "MsMDzmI8DzBKEpp+s"
        ]
      },
      {
        "transform": [
          1.0,
          1.2942249226282225e-31,
          0.0,
          -2.7755575615628914e-17,
          1.2942249226282225e-31,
          1.0,
          -3.469446951953614e-18,
          -0.10109795855214099,
          0.0,
          3.469446951953614e-18,
          1.0,
          0.06000000000000013,
          0.0,
          0.0,
          0.0,
          1.0
        ],
        "fixed": false,
        "hidden": false,
        "path": [
          "Mx3oSYl12iFfnQPDQ"
        ]
      },
      {
        "transform": [
          0.9999999999999946,
          -9.091539786056304e-16,
          -5.547137809455832e-16,
          -4.0193334343594384e-18,
          9.373107007093152e-16,
          0.9985907204816103,
          0.05307139500719959,
          -0.08937262166809795,
          5.056827451131206e-16,
          -0.05307139500719971,
          0.998590720481613,
          0.046216264042342164,
          0.0,
          0.0,
          0.0,
          1.0
        ],
        "fixed": false,
        "hidden": false,
        "path": [
          "MyufO111C1Ox+uqTp"
        ]
      },
      {
        "transform": [
          1.0,
          -5.94418025556682e-16,
          4.989555607456504e-16,
          -0.00200000000000002,
          4.2909438585337495e-17,
          0.6842885909394185,
          0.7292113029226475,
          -0.7569222526782277,
          -7.748859405009245e-16,
          -0.7292113029226475,
          0.6842885909394185,
          -0.07825013234030315,
          0.0,
          0.0,
          0.0,
          1.0
        ],
        "fixed": false,
        "hidden": false,
        "path": [
          "MzL3ZAL9TlsbMXOIj"
        ]
      }
    ],
    "patterns": [],
    "features": [
      {
        "id": "MHRrmLLu/sXH5D6pQ",
        "suppressed": false,
        "featureType": "mate",
        "featureData": {
          "mateType": "REVOLUTE",
          "matedEntities": [
            {
              "matedOccurrence": [
                "MansLBvU+Awsd5nAf"
              ],
              "matedCS": {
                "xAxis": [
                  0.0,
                  1.0,
                  0.0
                ],
                "yAxis": [
                  0.0,
                  0.0,
                  1.0
                ],
                "zAxis": [
                  1.0,
                  0.0,
                  0.0
                ],
                "origin": [
                  -2.7755575615628914e-17,
                  0.11501212450416479,
                  0.4871114181618229
                ]
              }
            },
            {
              "matedOccurrence": [
                "M/dENzjo+mbUFcug0"
              ],
              "matedCS": {
                "xAxis": [
                  0.0,
                  1.0,
                  0.0
                ],
                "yAxis": [
                  0.0,
                  0.0,
                  1.0
                ],
                "zAxis": [
                  1.0,
                  0.0,
                  0.0
                ],
                "origin": [
                  -4.440892098500626e-16,
                  0.11501212450416479,
                  0.4871114181618229
                ]
              }
            }
          ],
          "name": "dof_revolute_1"
        }
      },
      {
        "id": "MJ6Iyok2BVHbHwvZw",
        "suppressed": false,
        "featureType": "mate",
        "featureData": {
          "mateType": "CYLINDRICAL",
          "matedEntities": [
            {
              "matedOccurrence": [
                "MgVceAFy6jVrjdC0g"
              ],
              "matedCS": {
                "xAxis": [
                  0.0,
                  1.0,
                  0.0
                ],
                "yAxis": [
                  -1.1564823173178705e-16,
                  0.0,
                  1.0
                ],
                "zAxis": [
                  1.0,
                  0.0,
                  1.1564823173178705e-16
                ],
                "origin": [
                  3.469446951953614e-17,
                  0.16501212450416478,
                  0.4926114181618229
                ]
              }
            },
            {
              "matedOccurrence": [
                "M/dENzjo+mbUFcug0"
              ],
              "matedCS": {
                "xAxis": [
                  0.0,
                  1.0,
                  0.0
                ],
                "yAxis": [
                  -1.1564823173178707e-16,
                  0.0,
                  1.0
                ],
                "zAxis": [
                  1.0,
                  0.0,
                  1.1564823173178707e-16
                ],
                "origin": [
                  0.008999999999999564,
                  0.16501212450416478,
                  0.49261141816182286
                ]
              }
            }
          ],
          "name": "dof_cylindrical_1"
        }
      },
      {
        "id": "MDVJHCy2qZD0Ksk8R",
        "suppressed": false,
        "featureType": "mate",
        "featureData": {
          "mateType": "PLANAR",
          "matedEntities": [
            {
              "matedOccurrence": [
                "MgVceAFy6jVrjdC0g"
              ],
              "matedCS": {
                "xAxis": [
                  0.0,
                  1.0,
                  0.0
                ],
                "yAxis": [
                  -1.1564823173178705e-16,
                  0.0,
                  1.0
                ],
                "zAxis": [
                  1.0,
                  0.0,
                  1.1564823173178705e-16
                ],
                "origin": [
                  0.009000000000000036,
                  0.16501212450416478,
                  0.4926114181618229
                ]
              }
            },
            {
              "matedOccurrence": [
                "M/dENzjo+mbUFcug0"
              ],
              "matedCS": {
                "xAxis": [
                  0.0,
                  1.0,
                  0.0
                ],
                "yAxis": [
                  -1.156482317317875e-16,
                  0.0,
                  1.0
                ],
                "zAxis": [
                  1.0,
                  0.0,
                  1.156482317317875e-16
                ],
                "origin": [
                  0.009000000000000034,
                  0.16501212450416475,
                  0.49630498732417516
                ]
              }
            }
          ],
          "name": "Planar 1"
        }
      },
      {
        "id": "MRpd4fxAHp7sRCR1Z",
        "suppressed": false,
        "featureType": "mate",
        "featureData": {
          "mateType": "REVOLUTE",
          "matedEntities": [
            {
              "matedOccurrence": [
                "McG5tCVGgoNEQXwmZ"
              ],
              "matedCS": {
                "xAxis": [
                  0.0,
                  1.0,
                  0.0
                ],
                "yAxis": [
                  -1.1564823173178705e-16,
                  0.0,
                  1.0
                ],
                "zAxis": [
                  1.0,
                  0.0,
                  1.1564823173178705e-16
                ],
                "origin": [
                  0.0,
                  0.16501212450416478,
                  0.4926114181618229
                ]
              }
            },
            {
              "matedOccurrence": [
                "MgVceAFy6jVrjdC0g"
              ],
              "matedCS": {
                "xAxis": [
                  0.0,
                  1.0,
                  0.0
                ],
                "yAxis": [
                  -1.1564823173178705e-16,
                  0.0,
                  1.0
                ],
                "zAxis": [
                  1.0,
                  0.0,
                  1.1564823173178705e-16
                ],
                "origin": [
                  3.469446951953614e-17,
                  0.16501212450416478,
                  0.4926114181618229
                ]
              }
            }
          ],
          "name": "dof_revolute_2"
        }
      },
      {
        "id": "MPD/L8M6tj1WAILHp",
        "suppressed": false,
        "featureType": "mate",
        "featureData": {
          "mateType": "CYLINDRICAL",
          "matedEntities": [
            {
              "matedOccurrence": [
                "M/6wX/buMD1Z5cNrp"
              ],
              "matedCS": {
                "xAxis": [
                  0.0,
                  1.0,
                  0.0
                ],
                "yAxis": [
                  0.0,
                  0.0,
                  1.0
                ],
                "zAxis": [
                  1.0,
                  0.0,
                  0.0
                ],
                "origin": [
                  4.163336342344337e-17,
                  0.16501212450416478,
                  0.4671114181618229
                ]
              }
            },
            {
              "matedOccurrence": [
                "McG5tCVGgoNEQXwmZ"
              ],
              "matedCS": {
                "xAxis": [
                  0.0,
                  1.0,
                  0.0
                ],
                "yAxis": [
                  -9.637352644315587e-17,
                  0.0,
                  1.0
                ],
                "zAxis": [
                  1.0,
                  0.0,
                  9.637352644315587e-17
                ],
                "origin": [
                  0.015000000000000013,
                  0.16501212450416478,
                  0.4671114181618229
                ]
              }
            }
          ],
          "name": "dof_cylindrical_2"
        }
      },
      {
        "id": "M/yz/o5t1MiMYqRnN",
        "suppressed": false,
        "featureType": "mate",
        "featureData": {
          "mateType": "PLANAR",
          "matedEntities": [
            {
              "matedOccurrence": [
                "M/6wX/buMD1Z5cNrp"
              ],
              "matedCS": {
                "xAxis": [
                  0.0,
                  1.0,
                  0.0
                ],
                "yAxis": [
                  0.0,
                  0.0,
                  1.0
                ],
                "zAxis": [
                  1.0,
                  0.0,
                  0.0
                ],
                "origin": [
                  0.015000000000000041,
                  0.16501212450416478,
                  0.4671114181618229
                ]
              }
            },
            {
              "matedOccurrence": [
                "McG5tCVGgoNEQXwmZ"
              ],
              "matedCS": {
                "xAxis": [
                  0.0,
                  1.0,
                  0.0
                ],
                "yAxis": [
                  -9.637352644315587e-17,
                  0.0,
                  1.0
                ],
                "zAxis": [
                  1.0,
                  0.0,
                  9.637352644315587e-17
                ],
                "origin": [
                  0.015000000000000041,
                  0.16501212450416478,
                  0.4699690921298983
                ]
              }
            }
          ],
          "name": "Planar 2"
        }
      },
      {
        "id": "MNCi4eJCbm4pptyC3",
        "suppressed": false,
        "featureType": "mate",
        "featureData": {
          "mateType": "REVOLUTE",
          "matedEntities": [
            {
              "matedOccurrence": [
                "MQS4dadR//FH53qKi"
              ],
              "matedCS": {
                "xAxis": [
                  0.0,
                  1.0,
                  0.0
                ],
                "yAxis": [
                  0.0,
                  0.0,
                  -1.0
                ],
                "zAxis": [
                  -1.0,
                  0.0,
                  0.0
                ],
                "origin": [
                  4.163336342344337e-17,
                  0.16501212450416478,
                  0.4671114181618229
                ]
              }
            },
            {
              "matedOccurrence": [
                "M/6wX/buMD1Z5cNrp"
              ],
              "matedCS": {
                "xAxis": [
                  0.0,
                  1.0,
                  0.0
                ],
                "yAxis": [
                  0.0,
                  0.0,
                  -1.0
                ],
                "zAxis": [
                  -1.0,
                  -0.0,
                  -0.0
                ],
                "origin": [
                  4.163336342344337e-17,
                  0.16501212450416478,
                  0.4671114181618229
                ]
              }
            }
          ],
          "name": "dof_revolute_3"
        }
      },
      {
        "id": "Mol4IWiiK3f6RHq8j",
        "suppressed": false,
        "featureType": "mate",
        "featureData": {
          "mateType": "CYLINDRICAL",
          "matedEntities": [
            {
              "matedOccurrence": [
                "MGIURx61DGr3ITakm"
              ],
              "matedCS": {
                "xAxis": [
                  0.0,
                  1.0,
                  0.0
                ],
                "yAxis": [
                  0.0,
                  0.0,
                  1.0
                ],
                "zAxis": [
                  1.0,
                  0.0,
                  0.0
                ],
                "origin": [
                  0.055,
                  0.11501212450416479,
                  0.4871114181618229
                ]
              }
            },
            {
              "matedOccurrence": [
                "MansLBvU+Awsd5nAf"
              ],
              "matedCS": {
                "xAxis": [
                  0.0,
                  1.0,
                  0.0
                ],
                "yAxis": [
                  0.0,
                  0.0,
                  1.0
                ],
                "zAxis": [
                  1.0,
                  0.0,
                  0.0
                ],
                "origin": [
                  -2.7755575615628914e-17,
                  0.11501212450416479,
                  0.4871114181618229
                ]
              }
            }
          ],
          "name": "dof_cylindrical_3"
        }
      },
      {
        "id": "MBJDJi3s+Flj8Zomn",
        "suppressed": false,
        "featureType": "mate",
        "featureData": {
          "mateType": "PLANAR",
          "matedEntities": [
            {
              "matedOccurrence": [
                "MGIURx61DGr3ITakm"
              ],
              "matedCS": {
                "xAxis": [
                  0.0,
                  1.0,
                  0.0
                ],
                "yAxis": [
                  0.0,
                  0.0,
                  1.0
                ],
                "zAxis": [
                  1.0,
                  0.0,
                  0.0
                ],
                "origin": [
                  0.054999999999999966,
                  0.17417868114786286,
                  0.36022832797669213
                ]
              }
            },
            {
              "matedOccurrence": [
                "MansLBvU+Awsd5nAf"
              ],
              "matedCS": {
                "xAxis": [
                  0.0,
                  1.0,
                  0.0
                ],
                "yAxis": [
                  0.0,
                  0.0,
                  1.0
                ],
                "zAxis": [
                  1.0,
                  0.0,
                  0.0
                ],
                "origin": [
                  0.055,
                  0.11501212450416479,
                  0.4871114181618229
                ]
              }
            }
          ],
          "name": "Planar 3"
        }
      },
      {
        "id": "MtVXJcqMIvZYQy8jO",
        "suppressed": false,
        "featureType": "mate",
        "featureData": {
          "mateType": "CYLINDRICAL",
          "matedEntities": [
            {
              "matedOccurrence": [
                "MMGM0CZFh2trRWfLU"
              ],
              "matedCS": {
                "xAxis": [
                  0.0,
                  1.0,
                  0.0
                ],
                "yAxis": [
                  0.0,
                  0.0,
                  -1.0
                ],
                "zAxis": [
                  -1.0,
                  0.0,
                  0.0
                ],
                "origin": [
                  -0.045,
                  0.11501212450416479,
                  0.4871114181618229
                ]
              }
            },
            {
              "matedOccurrence": [
                "MansLBvU+Awsd5nAf"
              ],
              "matedCS": {
                "xAxis": [
                  0.0,
                  1.0,
                  0.0
                ],
                "yAxis": [
                  0.0,
                  0.0,
                  -1.0
                ],
                "zAxis": [
                  -1.0,
                  -0.0,
                  -0.0
                ],
                "origin": [
                  -0.055,
                  0.11501212450416479,
                  0.4871114181618229
                ]
              }
            }
          ],
          "name": "dof_cylindrical_4"
        }
      },
      {
        "id": "MCBhqwFkfvCRh6Mzj",
        "suppressed": false,
        "featureType": "mate",
        "featureData": {
          "mateType": "PLANAR",
          "matedEntities": [
            {
              "matedOccurrence": [
                "MMGM0CZFh2trRWfLU"
              ],
              "matedCS": {
                "xAxis": [
                  0.0,
                  1.0,
                  0.0
                ],
                "yAxis": [
                  0.0,
                  0.0,
                  -1.0
                ],
                "zAxis": [
                  -1.0,
                  0.0,
                  0.0
                ],
                "origin": [
                  -0.054999999999999896,
                  0.17417868114786264,
                  0.36022832797669135
                ]
              }
            },
            {
              "matedOccurrence": [
                "MansLBvU+Awsd5nAf"
              ],
              "matedCS": {
                "xAxis": [
                  0.0,
                  1.0,
                  0.0
                ],
                "yAxis": [
                  0.0,
                  0.0,
                  -1.0
                ],
                "zAxis": [
                  -1.0,
                  0.0,
                  0.0
                ],
                "origin": [
                  -0.055,
                  0.11501212450416479,
                  0.4871114181618229
                ]
              }
            }
          ],
          "name": "Planar 4"
        }
      },
      {
        "id": "MR/xrk+shiiKkdViy",
        "suppressed": false,
        "featureType": "mate",
        "featureData": {
          "mateType": "REVOLUTE",
          "matedEntities": [
            {
              "matedOccurrence": [
                "MyufO111C1Ox+uqTp"
              ],
              "matedCS": {
                "xAxis": [
                  0.0,
                  1.0,
                  0.0
                ],
                "yAxis": [
                  0.0,
                  0.0,
                  -1.0
                ],
                "zAxis": [
                  -1.0,
                  0.0,
                  0.0
                ],
                "origin": [
                  0.0,
                  0.23334523779156052,
                  0.23334523779156083
                ]
              }
            },
            {
              "matedOccurrence": [
                "MlsD2H6fwoFtC3zmd"
              ],
              "matedCS": {
                "xAxis": [
                  0.0,
                  1.0,
                  0.0
                ],
                "yAxis": [
                  0.0,
                  0.0,
                  -1.0
                ],
                "zAxis": [
                  -1.0,
                  0.0,
                  0.0
                ],
                "origin": [
                  0.0,
                  0.23334523779156052,
                  0.23334523779156083
                ]
              }
            }
          ],
          "name": "dof_revolute_4"
        }
      },
      {
        "id": "MAagLPUKF84+FDvWq",
        "suppressed": false,
        "featureType": "mate",
        "featureData": {
          "mateType": "CYLINDRICAL",
          "matedEntities": [
            {
              "matedOccurrence": [
                "MIxOm+BV+G8OhB0aW"
              ],
              "matedCS": {
                "xAxis": [
                  0.0,
                  1.0,
                  0.0
                ],
                "yAxis": [
                  0.0,
                  0.0,
                  1.0
                ],
                "zAxis": [
                  1.0,
                  0.0,
                  0.0
                ],
                "origin": [
                  0.05250000000000004,
                  0.2833452377915605,
                  0.21334523779156084
                ]
              }
            },
            {
              "matedOccurrence": [
                "MrY+f4mFhAKEOJRrs"
              ],
              "matedCS": {
                "xAxis": [
                  0.0,
                  1.0,
                  0.0
                ],
                "yAxis": [
                  0.0,
                  -0.0,
                  1.0
                ],
                "zAxis": [
                  1.0,
                  -0.0,
                  -0.0
                ],
                "origin": [
                  0.045,
                  0.2833452377915605,
                  0.21334523779156084
                ]
              }
            }
          ],
          "name": "dof_cylindrical_5"
        }
      },
      {
        "id": "MjbcIQtH3a3ujSs4S",
        "suppressed": false,
        "featureType": "mate",
        "featureData": {
          "mateType": "PLANAR",
          "matedEntities": [
            {
              "matedOccurrence": [
                "MrY+f4mFhAKEOJRrs"
              ],
              "matedCS": {
                "xAxis": [
                  0.0,
                  1.0,
                  0.0
                ],
                "yAxis": [
                  0.0,
                  0.0,
                  1.0
                ],
                "zAxis": [
                  1.0,
                  0.0,
                  0.0
                ],
                "origin": [
                  0.045,
                  0.27980970388562776,
                  0.20980970388562808
                ]
              }
            },
            {
              "matedOccurrence": [
                "MIxOm+BV+G8OhB0aW"
              ],
              "matedCS": {
                "xAxis": [
                  0.0,
                  1.0,
                  0.0
                ],
                "yAxis": [
                  0.0,
                  0.0,
                  1.0
                ],
                "zAxis": [
                  1.0,
                  0.0,
                  0.0
                ],
                "origin": [
                  0.04500000000000004,
                  0.2833452377915605,
                  0.21334523779156084
                ]
              }
            }
          ],
          "name": "Planar 5"
        }
      },
      {
        "id": "MKJVpqhs0L6gasWlV",
        "suppressed": false,
        "featureType": "mate",
        "featureData": {
          "mateType": "CYLINDRICAL",
          "matedEntities": [
            {
              "matedOccurrence": [
                "MlGiBR09082XP9AcL"
              ],
              "matedCS": {
                "xAxis": [
                  9.88845717006558e-16,
                  1.0,
                  3.9112634081688556e-31
                ],
                "yAxis": [
                  3.9553828680262327e-16,
                  0.0,
                  -1.0
                ],
                "zAxis": [
                  -1.0,
                  9.88845717006558e-16,
                  -3.9553828680262327e-16
                ],
                "origin": [
                  0.04750000000000004,
                  0.2833452377915605,
                  0.21334523779156084
                ]
              }
            },
            {
              "matedOccurrence": [
                "MIxOm+BV+G8OhB0aW"
              ],
              "matedCS": {
                "xAxis": [
                  0.0,
                  1.0,
                  0.0
                ],
                "yAxis": [
                  0.0,
                  0.0,
                  -1.0
                ],
                "zAxis": [
                  -1.0,
                  -0.0,
                  -0.0
                ],
                "origin": [
