{
  "rootAssembly": {
    "occurrences": [
      {
        "transform": [
          0.9999049974002636,
          0.011869583389571215,
          0.007007793103585416,
          -0.053794832225324704,
          -0.013783909968678922,
          0.8610369463570255,
          0.5083555653616912,
          -0.3452751635636988,
          3.2476313876745385e-16,
          -0.5084038650506072,
          0.861118754877434,
          -0.03724708627331563,
          0.0,
          0.0,
          0.0,
          1.0
        ],
        "fixed": false,
        "hidden": false,
        "path": [
          "M+yqr8BK157R5VYW2"
        ]
      },
      {
        "transform": [
          0.9999049974002407,
          0.013095765827096682,
          -0.004300824505427421,
          -0.051869905489553905,
          -0.013783909968678633,
          0.9499860144945896,
          -0.3119881024825482,
          -0.20563816164622997,
          -2.969401428919251e-17,
          0.3120177449794923,
          0.9500762742106091,
          -0.210864686514734,
          0.0,
          0.0,
          0.0,
          1.0
        ],
        "fixed": false,
        "hidden": false,
        "path": [
          "M4PEClevAJTKqnuWD"
        ]
      },
      {
        "transform": [
          0.9999049974002407,
          0.013783909968678601,
          7.071783880893389e-17,
          -0.0509646916348866,
          -0.013783909968678601,
          0.9999049974002407,
          8.809547999795185e-15,
          -0.13997262414239567,
          5.02727041283339e-17,
          -8.810458524003312e-15,
          1.0,
          -0.40880214713731844,
          0.0,
          0.0,
          0.0,
          1.0
        ],
        "fixed": false,
        "hidden": false,
        "path": [
          "M5ysY9VcCIU9l8NB0"
        ]
      },
      {
        "transform": [
          0.999904997400241,
          0.009378315976950751,
          0.010101651521464387,
          -0.05510443652890465,
          -0.01378390996867847,
          0.6803167630854287,
          0.7327885818508229,
          -0.5853724868403377,
          -1.0087612619557219e-15,
          -0.7328582052855799,
          0.6803814010873607,
          -0.24153418906922403,
          0.0,
          0.0,
          0.0,
          1.0
        ],
        "fixed": false,
        "hidden": false,
        "path": [
          "MAZIdLWmgTVAUIXIm"
        ]
      },
      {
        "transform": [
          0.9999049974002407,
          0.013095765827096633,
          -0.004300824505427495,
          -0.051869905489553864,
          -0.01378390996867861,
          0.9499860144945894,
          -0.3119881024825487,
          -0.20563816164622983,
          4.724455036770621e-17,
          0.312017744979493,
          0.950076274210609,
          -0.21086468651473406,
          0.0,
          0.0,
          0.0,
          1.0
        ],
        "fixed": false,
        "hidden": false,
        "path": [
          "MJj5OXGQzWQbb4EBD"
        ]
      },
      {
        "transform": [
          0.9999049974002404,
          0.013457716129439868,
          0.002980947937158791,
          -0.05411212460549057,
          -0.013783909968678598,
          0.9762424190231954,
          0.21624232500996246,
          -0.368292017075203,
          4.998496096919967e-17,
          -0.2162628705448956,
          0.9763351734029059,
          -0.17775827154270507,
          0.0,
          0.0,
          0.0,
          1.0
        ],
        "fixed": false,
        "hidden": false,
        "path": [
          "MOrGzMNySy4EU/H9u"
        ]
      },
      {
        "transform": [
          0.9999049974002399,
          0.013574501403976822,
          0.002393550847186703,
          -0.049797465465904175,
          -0.013783909968678546,
          0.9847141937154084,
          0.17363168063861711,
          -0.05530032998825367,
          -5.032555540800086e-16,
          -0.17364817766693902,
          0.9848077530122079,
          -0.5443331285774309,
          0.0,
          0.0,
          0.0,
          1.0
        ],
        "fixed": false,
        "hidden": false,
        "path": [
          "MSmvsSc4HVyAIgvEY"
        ]
      },
      {
        "transform": [
          0.9999049974002295,
          0.013234944388876773,
          0.0038512882322647023,
          -0.05192304910616419,
          -0.01378390996867847,
          0.9600822310086681,
          0.2793780834771933,
          -0.2094932773534034,
          -1.2311144919868911e-15,
          -0.27940462764320156,
          0.9601734499826168,
          0.014962649407815776,
          0.0,
          0.0,
          0.0,
          1.0
        ],
        "fixed": false,
        "hidden": false,
        "path": [
          "MWtbuI2BfbE1uCils"
        ]
      },
      {
        "transform": [
          0.9999049974002374,
          -0.0011297652106700103,
          -0.013737532696718617,
          -0.04643806197964969,
          -0.013783909968678221,
          -0.08195482142619316,
          -0.9965407222341607,
          0.18839571429973592,
          2.063299539973639e-16,
          0.9966354051886541,
          -0.08196260808703887,
          -0.4722774931438757,
          0.0,
          0.0,
          0.0,
          1.0
        ],
        "fixed": false,
        "hidden": false,
        "path": [
          "Mb2ftSCHh3NJzZGr6"
        ]
      },
      {
        "transform": [
          0.9999049974002414,
          0.010066930177543253,
          0.009415577030916587,
          -0.05580487039672043,
          -0.013783909968678613,
          0.7302698447594218,
          0.6830197344594917,
          -0.4910862735543171,
          5.1590078377580876e-17,
          -0.6830846292751315,
          0.7303392288848721,
          -0.06665153788968033,
          0.0,
          0.0,
          0.0,
          1.0
        ],
        "fixed": false,
        "hidden": false,
        "path": [
          "MfBwacBUjd8fXnfA6"
        ]
      },
      {
        "transform": [
          0.999904997400241,
          0.011443584118849732,
          0.0076837853001920494,
          -0.05329361612761941,
          -0.01378390996867859,
          0.8301343359474418,
          0.557393028398343,
          -0.4540129253839833,
          -8.144514238610433e-16,
          -0.5574459872163545,
          0.8302132083605909,
          -0.3658839715879982,
          0.0,
          0.0,
          0.0,
          1.0
        ],
        "fixed": false,
        "hidden": false,
        "path": [
          "MifYa8Zq9lhH2qBoe"
        ]
      },
      {
        "transform": [
          0.9999049974002407,
          0.013783909968678601,
          8.631951539707599e-16,
          -0.04737005660993472,
          -0.013783909968678601,
          0.9999049974002407,
          8.748788598292478e-15,
          -0.024309250767011265,
          -7.425206583359342e-16,
          -8.759853771171802e-15,
          1.0,
          -0.5211418538650243,
          0.0,
          0.0,
          0.0,
          1.0
        ],
        "fixed": false,
        "hidden": false,
        "path": [
          "Mm8G24iEWkmj9Mr37"
        ]
      },
      {
        "transform": [
          0.9999049974002407,
          0.010559087635958262,
          0.008860126540902223,
          -0.057914067942566136,
          -0.01378390996867894,
          0.7659716669053392,
          0.6427265431925394,
          -0.49899383874029174,
          -5.779911165153152e-16,
          -0.6427876096865527,
          0.7660444431189667,
          -0.32400161058842564,
          0.0,
          0.0,
          0.0,
          1.0
        ],
        "fixed": false,
        "hidden": false,
        "path": [
          "Mm8bKXtF2/qOP3blZ"
        ]
      },
      {
        "transform": [
          0.9999049974002407,
          0.012040863290167299,
          0.006709231345851233,
          -0.05628897286224324,
          -0.013783909968679106,
          0.8734618409587209,
          0.4866974586074777,
          -0.38110706381519693,
          -6.795133412074529e-16,
          -0.48674370052444405,
          0.8735448299885761,
          -0.41442692387319896,
          0.0,
          0.0,
          0.0,
          1.0
        ],
        "fixed": false,
        "hidden": false,
        "path": [
          "Monlj+XKJN3DhwEHJ"
        ]
      },
      {
        "transform": [
          0.9999049974002414,
          -0.013783870938756507,
          -3.2801956406882815e-05,
          -0.053794832225324704,
          -0.013783909968678698,
          -0.9999021661125794,
          -0.0023795019127576243,
          -0.3452751635636988,
          -4.233343730700825e-20,
          0.0023797279931046826,
          -0.9999971684433328,
          -0.03724708627331563,
          0.0,
          0.0,
          0.0,
          1.0
        ],
        "fixed": false,
        "hidden": false,
        "path": [
          "Mr5ovJrvoMuVzLHSN"
        ]
      },
      {
        "transform": [
          0.9999049974002407,
          0.013783909968678601,
          8.631951539707599e-16,
          -0.05110469541525638,
          -0.013783909968678601,
          0.9999049974002407,
          8.748788598292478e-15,
          -0.005031992305677475,
          -7.425206583359342e-16,
          -8.759853771171802e-15,
          1.0,
          -0.5329237201891821,
          0.0,
          0.0,
          0.0,
          1.0
        ],
        "fixed": false,
        "hidden": false,
        "path": [
          "MvzYQZpzo0bJSaPgx"
        ]
      },
      {
        "transform": [
          0.9999049974002399,
          0.013574501403976806,
          0.0023935508471858986,
          -0.05238471852659211,
          -0.013783909968678417,
          0.9847141937154067,
          0.17363168063861695,
          -0.2429834526145689,
          2.72669040073305e-16,
          -0.17364817766693835,
          0.984807753012206,
          -0.35468305028855707,
          0.0,
          0.0,
          0.0,
          1.0
        ],
        "fixed": false,
        "hidden": false,
        "path": [
          "MwNLEHIQoEDNP5cLv"
        ]
      },
      {
        "transform": [
          0.9999049974002407,
          0.013234944388876364,
          0.0038512882322659712,
          -0.05345286913126955,
          -0.013783909968678709,
          0.9600822310086701,
          0.2793780834771941,
          -0.320468660369088,
          1.7119258467216632e-16,
          -0.279404627643205,
          0.9601734499826383,
          -0.09987875954745175,
          0.0,
          0.0,
          0.0,
          1.0
        ],
        "fixed": false,
        "hidden": false,
        "path": [
          "My7wlb6Kd0q8Q12bW"
        ]
      }
    ],
    "patterns": [],
    "features": [
      {
        "id": "Mcgx1OKXQaEak8qxD",
        "suppressed": false,
        "featureType": "mate",
        "featureData": {
          "mateType": "CYLINDRICAL",
          "matedEntities": [
            {
              "matedOccurrence": [
                "M5ysY9VcCIU9l8NB0"
              ],
              "matedCS": {
                "xAxis": [
                  0.0,
                  1.0,
                  0.0
                ],
                "yAxis": [
                  0.0,
                  0.0,
                  -1.0
                ],
                "zAxis": [
                  -1.0,
                  0.0,
                  0.0
                ],
                "origin": [
                  0.0,
                  0.25778174593052194,
                  0.6158250612726125
                ]
              }
            },
            {
              "matedOccurrence": [
                "MwNLEHIQoEDNP5cLv"
              ],
              "matedCS": {
                "xAxis": [
                  0.0,
                  1.0,
                  0.0
                ],
                "yAxis": [
                  0.0,
                  0.0,
                  -1.0
                ],
                "zAxis": [
                  -1.0,
                  0.0,
                  0.0
                ],
                "origin": [
                  -0.015000000000000013,
                  0.25778174593052194,
                  0.6158250612726125
                ]
              }
            }
          ],
          "name": "Cylindrical11"
        }
      },
      {
        "id": "M3bRshNH4AyvUjWkD",
        "suppressed": false,
        "featureType": "mate",
        "featureData": {
          "mateType": "PLANAR",
          "matedEntities": [
            {
              "matedOccurrence": [
                "M5ysY9VcCIU9l8NB0"
              ],
              "matedCS": {
                "xAxis": [
                  0.0,
                  1.0,
                  0.0
                ],
                "yAxis": [
                  0.0,
                  0.0,
                  1.0
                ],
                "zAxis": [
                  1.0,
                  0.0,
                  0.0
                ],
                "origin": [
                  0.035,
                  0.25778174593052194,
                  0.6158250612726125
                ]
              }
            },
            {
              "matedOccurrence": [
                "MwNLEHIQoEDNP5cLv"
              ],
              "matedCS": {
                "xAxis": [
                  0.0,
                  1.0,
                  0.0
                ],
                "yAxis": [
                  -1.541976423090494e-16,
                  0.0,
                  1.0
                ],
                "zAxis": [
                  1.0,
                  0.0,
                  1.541976423090494e-16
                ],
                "origin": [
                  0.035,
                  0.23778174593052195,
                  0.6183250612726126
                ]
              }
            }
          ],
          "name": "Planar 1"
        }
      },
      {
        "id": "MUGWBGtssAj95nbiQ",
        "suppressed": false,
        "featureType": "mate",
        "featureData": {
          "mateType": "REVOLUTE",
          "matedEntities": [
            {
              "matedOccurrence": [
                "MfBwacBUjd8fXnfA6"
              ],
              "matedCS": {
                "xAxis": [
                  0.0,
                  1.0,
                  0.0
                ],
                "yAxis": [
                  0.0,
                  0.0,
                  -1.0
                ],
                "zAxis": [
                  -1.0,
                  0.0,
                  0.0
                ],
                "origin": [
                  0.0,
                  0.25778174593052194,
                  0.6158250612726125
                ]
              }
            },
            {
              "matedOccurrence": [
                "M5ysY9VcCIU9l8NB0"
              ],
              "matedCS": {
                "xAxis": [
                  0.0,
                  1.0,
                  0.0
                ],
                "yAxis": [
                  0.0,
                  0.0,
                  -1.0
                ],
                "zAxis": [
                  -1.0,
                  0.0,
                  0.0
                ],
                "origin": [
                  0.0,
                  0.25778174593052194,
                  0.6158250612726125
                ]
              }
            }
          ],
          "name": "Revolute1"
        }
      },
      {
        "id": "Mp73pEc97NC9duhPQ",
        "suppressed": false,
        "featureType": "mate",
        "featureData": {
          "mateType": "REVOLUTE",
          "matedEntities": [
            {
              "matedOccurrence": [
                "MfBwacBUjd8fXnfA6"
              ],
              "matedCS": {
                "xAxis": [
                  0.0,
                  1.0,
                  0.0
                ],
                "yAxis": [
                  0.0,
                  0.0,
                  -1.0
                ],
                "zAxis": [
                  -1.0,
                  0.0,
                  0.0
                ],
                "origin": [
                  0.0,
                  0.07778174593052187,
                  0.3040559159102147
                ]
              }
            },
            {
              "matedOccurrence": [
                "MOrGzMNySy4EU/H9u"
              ],
              "matedCS": {
                "xAxis": [
                  0.0,
                  1.0,
                  0.0
                ],
                "yAxis": [
                  0.0,
                  0.0,
                  -1.0
                ],
                "zAxis": [
                  -1.0,
                  -0.0,
                  -0.0
                ],
                "origin": [
                  0.0,
                  0.07778174593052013,
                  0.30405591591021536
                ]
              }
            }
          ],
          "name": "Revolute2"
        }
      },
      {
        "id": "MHOwq5bfHuvUdk3iP",
        "suppressed": false,
        "featureType": "mate",
        "featureData": {
          "mateType": "REVOLUTE",
          "matedEntities": [
            {
              "matedOccurrence": [
                "MOrGzMNySy4EU/H9u"
              ],
              "matedCS": {
                "xAxis": [
                  0.0,
                  1.0,
                  0.0
                ],
                "yAxis": [
                  0.0,
                  0.0,
                  1.0
                ],
                "zAxis": [
                  1.0,
                  0.0,
                  0.0
                ],
                "origin": [
                  0.1,
                  0.07778174593052013,
                  0.30405591591021536
                ]
              }
            },
            {
              "matedOccurrence": [
                "M4PEClevAJTKqnuWD"
              ],
              "matedCS": {
                "xAxis": [
                  0.0,
                  1.0,
                  0.0
                ],
                "yAxis": [
                  0.0,
                  0.0,
                  1.0
                ],
                "zAxis": [
                  1.0,
                  0.0,
                  0.0
                ],
                "origin": [
                  0.09999999999999998,
                  0.07778174593052013,
                  0.30405591591021536
                ]
              }
            }
          ],
          "name": "Revolute3"
        }
      },
      {
        "id": "MYcLtUbY+EF3JPgWv",
        "suppressed": false,
        "featureType": "mate",
        "featureData": {
          "mateType": "REVOLUTE",
          "matedEntities": [
            {
              "matedOccurrence": [
                "MOrGzMNySy4EU/H9u"
              ],
              "matedCS": {
                "xAxis": [
                  0.0,
                  1.0,
                  0.0
                ],
                "yAxis": [
                  0.0,
                  0.0,
                  -1.0
                ],
                "zAxis": [
                  -1.0,
                  0.0,
                  0.0
                ],
                "origin": [
                  -0.1,
                  0.07778174593052013,
                  0.30405591591021536
                ]
              }
            },
            {
              "matedOccurrence": [
                "MJj5OXGQzWQbb4EBD"
              ],
              "matedCS": {
                "xAxis": [
                  0.0,
                  1.0,
                  0.0
                ],
                "yAxis": [
                  0.0,
                  0.0,
                  -1.0
                ],
                "zAxis": [
                  -1.0,
                  0.0,
                  0.0
                ],
                "origin": [
                  -0.09999999999999998,
                  0.07778174593052013,
                  0.30405591591021536
                ]
              }
            }
          ],
          "name": "revolute4"
        }
      },
      {
        "id": "MViE3hRjBRYZyp1lh",
        "suppressed": false,
        "featureType": "mate",
        "featureData": {
          "mateType": "REVOLUTE",
          "matedEntities": [
            {
              "matedOccurrence": [
                "My7wlb6Kd0q8Q12bW"
              ],
              "matedCS": {
                "xAxis": [
                  0.0,
                  1.0,
                  0.0
                ],
                "yAxis": [
                  0.0,
                  0.0,
                  1.0
                ],
                "zAxis": [
                  1.0,
                  0.0,
                  0.0
                ],
                "origin": [
                  0.1,
                  0.19091883092036777,
                  0.19091883092036785
                ]
              }
            },
            {
              "matedOccurrence": [
                "M4PEClevAJTKqnuWD"
              ],
              "matedCS": {
                "xAxis": [
                  0.0,
                  1.0,
                  0.0
                ],
                "yAxis": [
                  0.0,
                  0.0,
                  1.0
                ],
                "zAxis": [
                  1.0,
                  0.0,
                  0.0
                ],
                "origin": [
                  0.1,
                  0.19091883092036777,
                  0.19091883092036785
                ]
              }
            }
          ],
          "name": "revolute5"
        }
      },
      {
        "id": "MgWLGiN5HA4r6fhZP",
        "suppressed": false,
        "featureType": "mate",
        "featureData": {
          "mateType": "REVOLUTE",
          "matedEntities": [
            {
              "matedOccurrence": [
                "M+yqr8BK157R5VYW2"
              ],
              "matedCS": {
                "xAxis": [
                  0.0,
                  1.0,
                  0.0
                ],
                "yAxis": [
                  0.0,
                  0.0,
                  -1.0
                ],
                "zAxis": [
                  -1.0,
                  0.0,
                  0.0
                ],
                "origin": [
                  0.0,
                  0.19091883092036777,
                  0.19091883092036785
                ]
              }
            },
            {
              "matedOccurrence": [
                "My7wlb6Kd0q8Q12bW"
              ],
              "matedCS": {
                "xAxis": [
                  0.0,
                  1.0,
                  0.0
                ],
                "yAxis": [
                  0.0,
                  0.0,
                  -1.0
                ],
                "zAxis": [
                  -1.0,
                  0.0,
                  0.0
                ],
                "origin": [
                  0.0,
                  0.19091883092036777,
                  0.19091883092036785
                ]
              }
            }
          ],
          "name": "Revolute6"
        }
      },
      {
        "id": "MfLO1Uy9GeUtL7G/m",
        "suppressed": false,
        "featureType": "mate",
        "featureData": {
          "mateType": "REVOLUTE",
          "matedEntities": [
            {
              "matedOccurrence": [
                "M+yqr8BK157R5VYW2"
              ],
              "matedCS": {
                "xAxis": [
                  0.0,
                  1.0,
                  0.0
                ],
                "yAxis": [
                  0.0,
                  0.0,
                  -1.0
                ],
                "zAxis": [
                  -1.0,
                  0.0,
                  0.0
                ],
                "origin": [
                  0.0,
                  0.0,
                  3.061616997868383e-19
                ]
              }
            },
            {
              "matedOccurrence": [
                "Mr5ovJrvoMuVzLHSN"
              ],
              "matedCS": {
                "xAxis": [
                  0.0,
                  1.0,
                  0.0
                ],
                "yAxis": [
                  0.0,
                  0.0,
                  -1.0
                ],
                "zAxis": [
                  -1.0,
                  -0.0,
                  -0.0
                ],
                "origin": [
                  0.0,
                  0.0,
                  0.0
                ]
              }
            }
          ],
          "name": "Revolute7"
        }
      },
      {
        "id": "MzutkwkjjjzfDKR6o",
        "suppressed": false,
        "featureType": "mate",
        "featureData": {
          "mateType": "REVOLUTE",
          "matedEntities": [
            {
              "matedOccurrence": [
                "Mb2ftSCHh3NJzZGr6"
              ],
              "matedCS": {
                "xAxis": [
                  0.0,
                  1.0,
                  0.0
                ],
                "yAxis": [
                  0.0,
                  0.0,
                  -1.0
                ],
                "zAxis": [
                  -1.0,
                  0.0,
                  0.0
                ],
                "origin": [
                  0.15999999999999998,
                  0.3818376618407357,
                  3.061616997868383e-19
                ]
              }
            },
            {
              "matedOccurrence": [
                "M4PEClevAJTKqnuWD"
              ],
              "matedCS": {
                "xAxis": [
                  0.0,
                  1.0,
                  0.0
                ],
                "yAxis": [
                  0.0,
                  0.0,
                  -1.0
                ],
                "zAxis": [
                  -1.0,
                  0.0,
                  0.0
                ],
                "origin": [
                  0.16,
                  0.3818376618407357,
                  3.061616997868383e-19
                ]
              }
            }
          ],
          "name": "Revolute8"
        }
      },
      {
        "id": "MOQZpvOetFT5k7ZEG",
        "suppressed": false,
        "featureType": "mate",
        "featureData": {
          "mateType": "REVOLUTE",
          "matedEntities": [
            {
              "matedOccurrence": [
                "MWtbuI2BfbE1uCils"
              ],
              "matedCS": {
                "xAxis": [
                  0.0,
                  1.0,
                  0.0
                ],
                "yAxis": [
                  0.0,
                  0.0,
                  1.0
                ],
                "zAxis": [
                  1.0,
                  0.0,
                  0.0
                ],
                "origin": [
                  -0.15999999999999998,
                  0.3818376618407357,
                  3.061616997868383e-19
                ]
              }
            },
            {
              "matedOccurrence": [
                "MJj5OXGQzWQbb4EBD"
              ],
              "matedCS": {
                "xAxis": [
                  0.0,
                  1.0,
                  0.0
                ],
                "yAxis": [
                  0.0,
                  0.0,
                  1.0
                ],
                "zAxis": [
                  1.0,
                  0.0,
                  0.0
                ],
                "origin": [
                  -0.16,
                  0.3818376618407357,
                  3.061616997868383e-19
                ]
              }
            }
          ],
          "name": "Revolute9"
        }
      },
      {
        "id": "M0GToD3SWeK9VnXD3",
        "suppressed": false,
        "featureType": "mate",
        "featureData": {
          "mateType": "REVOLUTE",
          "matedEntities": [
            {
              "matedOccurrence": [
                "MJj5OXGQzWQbb4EBD"
              ],
              "matedCS": {
                "xAxis": [
                  0.0,
                  1.0,
                  0.0
                ],
                "yAxis": [
                  0.0,
                  0.0,
                  -1.0
                ],
                "zAxis": [
                  -1.0,
                  0.0,
                  0.0
                ],
                "origin": [
                  -0.1,
                  0.19091883092036777,
                  0.19091883092036785
                ]
              }
            },
            {
              "matedOccurrence": [
                "My7wlb6Kd0q8Q12bW"
              ],
              "matedCS": {
                "xAxis": [
                  0.0,
                  1.0,
                  0.0
                ],
                "yAxis": [
                  0.0,
                  0.0,
                  -1.0
                ],
                "zAxis": [
                  -1.0,
                  0.0,
                  0.0
                ],
                "origin": [
                  -0.1,
                  0.19091883092036777,
                  0.19091883092036785
                ]
              }
            }
          ],
          "name": "Revolute10"
        }
      },
      {
        "id": "MkUaUjNeLdOoKljr/",
        "suppressed": false,
        "featureType": "mate",
        "featureData": {
          "mateType": "REVOLUTE",
          "matedEntities": [
            {
              "matedOccurrence": [
                "MSmvsSc4HVyAIgvEY"
              ],
              "matedCS": {
                "xAxis": [
                  0.0,
                  1.0,
                  0.0
                ],
                "yAxis": [
                  0.0,
                  0.0,
                  1.0
                ],
                "zAxis": [
                  1.0,
                  0.0,
                  0.0
                ],
                "origin": [
                  0.21000000000000002,
                  0.04,
                  1.0550000000000002
                ]
              }
            },
            {
              "matedOccurrence": [
                "MifYa8Zq9lhH2qBoe"
              ],
              "matedCS": {
                "xAxis": [
                  0.0,
                  1.0,
                  0.0
                ],
                "yAxis": [
                  0.0,
                  0.0,
                  1.0
                ],
                "zAxis": [
                  1.0,
                  0.0,
                  0.0
                ],
                "origin": [
                  0.20799999999999996,
                  0.04,
                  1.0550000000000002
                ]
              }
            }
          ],
          "name": "Revolute11"
        }
      },
      {
        "id": "M+evkqlThhYJ0P4po",
        "suppressed": false,
        "featureType": "mate",
        "featureData": {
          "mateType": "REVOLUTE",
          "matedEntities": [
            {
              "matedOccurrence": [
                "Monlj+XKJN3DhwEHJ"
              ],
              "matedCS": {
                "xAxis": [
                  0.0,
                  1.0,
                  0.0
                ],
                "yAxis": [
                  0.0,
                  0.0,
                  -1.0
                ],
                "zAxis": [
                  -1.0,
                  0.0,
                  0.0
                ],
                "origin": [
                  -0.20799999999999996,
                  0.04,
                  1.0550000000000002
                ]
              }
            },
            {
              "matedOccurrence": [
                "MSmvsSc4HVyAIgvEY"
              ],
              "matedCS": {
                "xAxis": [
                  0.0,
                  1.0,
                  0.0
                ],
                "yAxis": [
                  0.0,
                  0.0,
                  -1.0
                ],
                "zAxis": [
                  -1.0,
                  0.0,
                  0.0
                ],
                "origin": [
                  -0.21000000000000002,
                  0.04,
                  1.0550000000000002
                ]
              }
            }
          ],
          "name": "Revolute12"
        }
      },
      {
        "id": "M1IazVNE5W4vJUNoV",
        "suppressed": false,
        "featureType": "mate",
        "featureData": {
          "mateType": "REVOLUTE",
          "matedEntities": [
            {
              "matedOccurrence": [
                "MvzYQZpzo0bJSaPgx"
              ],
              "matedCS": {
                "xAxis": [
                  0.0,
                  1.0,
                  0.0
                ],
                "yAxis": [
                  0.0,
                  0.0,
                  -1.0
                ],
                "zAxis": [
                  -1.0,
                  0.0,
                  0.0
                ],
                "origin": [
                  -0.198,
                  0.039999999999999813,
                  0.7831000368435685
                ]
              }
            },
            {
              "matedOccurrence": [
                "Mm8bKXtF2/qOP3blZ"
              ],
              "matedCS": {
                "xAxis": [
                  0.0,
                  1.0,
                  0.0
                ],
                "yAxis": [
                  0.0,
                  0.0,
                  -1.0
                ],
                "zAxis": [
                  -1.0,
                  0.0,
                  0.0
                ],
                "origin": [
                  -0.198,
                  0.039999999999999813,
                  0.7831000368435685
                ]
              }
            }
          ],
          "name": "Revolute13"
        }
      },
      {
        "id": "MwWfuC/yjuF6FRWDF",
        "suppressed": false,
        "featureType": "mate",
        "featureData": {
          "mateType": "REVOLUTE",
          "matedEntities": [
            {
              "matedOccurrence": [
                "MvzYQZpzo0bJSaPgx"
              ],
              "matedCS": {
                "xAxis": [
                  0.0,
                  1.0,
                  0.0
                ],
                "yAxis": [
                  0.0,
                  0.0,
                  -1.0
                ],
                "zAxis": [
                  -1.0,
                  0.0,
                  0.0
                ],
                "origin": [
                  -0.21050000000000002,
                  0.039999999999999813,
                  0.7831000368435685
                ]
              }
            },
            {
              "matedOccurrence": [
                "Monlj+XKJN3DhwEHJ"
              ],
              "matedCS": {
                "xAxis": [
                  0.0,
                  1.0,
                  0.0
                ],
                "yAxis": [
                  0.0,
                  0.0,
                  -1.0
                ],
                "zAxis": [
                  -1.0,
                  0.0,
                  0.0
                ],
                "origin": [
                  -0.21050000000000013,
                  0.039999999999999813,
                  0.7831000368435685
                ]
              }
            }
          ],
          "name": "Revolute14"
        }
      },
      {
        "id": "M1ylvIHxZ8M0iElKV",
        "suppressed": false,
        "featureType": "mate",
        "featureData": {
          "mateType": "REVOLUTE",
          "matedEntities": [
            {
              "matedOccurrence": [
                "Mm8G24iEWkmj9Mr37"
              ],
              "matedCS": {
                "xAxis": [
                  0.0,
                  1.0,
                  0.0
                ],
                "yAxis": [
                  0.0,
                  0.0,
                  1.0
                ],
                "zAxis": [
                  1.0,
                  0.0,
                  0.0
                ],
                "origin": [
                  0.198,
                  0.039999999999999813,
                  0.7831000368435685
                ]
              }
            },
            {
              "matedOccurrence": [
                "MAZIdLWmgTVAUIXIm"
              ],
              "matedCS": {
                "xAxis": [
                  0.0,
                  1.0,
                  0.0
                ],
                "yAxis": [
                  0.0,
                  0.0,
                  1.0
                ],
                "zAxis": [
                  1.0,
                  0.0,
                  0.0
                ],
                "origin": [
                  0.198,
                  0.039999999999999813,
                  0.7831000368435685
                ]
              }
            }
          ],
          "name": "Revolute15"
        }
      },
      {
        "id": "MXnS81mCNmRlvn0NU",
        "suppressed": false,
        "featureType": "mate",
        "featureData": {
          "mateType": "REVOLUTE",
          "matedEntities": [
            {
              "matedOccurrence": [
                "Mm8G24iEWkmj9Mr37"
              ],
              "matedCS": {
                "xAxis": [
                  0.0,
                  1.0,
                  0.0
                ],
                "yAxis": [
                  0.0,
                  0.0,
                  -1.0
                ],
                "zAxis": [
                  -1.0,
                  0.0,
                  0.0
                ],
                "origin": [
                  0.1855,
                  0.039999999999999813,
                  0.7831000368435685
                ]
              }
            },
            {
              "matedOccurrence": [
                "MifYa8Zq9lhH2qBoe"
              ],
              "matedCS": {
                "xAxis": [
                  0.0,
                  1.0,
                  0.0
                ],
                "yAxis": [
                  0.0,
                  0.0,
                  -1.0
                ],
                "zAxis": [
                  -1.0,
                  0.0,
                  0.0
                ],
                "origin": [
                  0.18550000000000003,
                  0.039999999999999813,
                  0.7831000368435688
                ]
              }
            }
          ],
          "name": "Revolute16"
        }
      },
      {
        "id": "M1gXeEHhw3xOqjB0V",
        "suppressed": false,
        "featureType": "mate",
        "featureData": {
          "mateType": "FASTENED",
          "matedEntities": [
            {
              "matedOccurrence": [
                "MSmvsSc4HVyAIgvEY"
              ],
              "matedCS": {
                "xAxis": [
                  1.0,
                  0.0,
                  7.930164461608261e-16
                ],
                "yAxis": [
                  0.0,
                  -1.0,
                  0.0
                ],
                "zAxis": [
                  7.930164461608261e-16,
                  0.0,
                  -1.0
                ],
                "origin": [
                  4.30887409032098e-17,
                  0.040000000000000015,
                  0.8
                ]
              }
            },
            {
              "matedOccurrence": [
                "MwNLEHIQoEDNP5cLv"
              ],
              "matedCS": {
                "xAxis": [
                  1.0,
                  0.0,
                  0.0
                ],
                "yAxis": [
